tree
version=v4
num_class=1
num_tree_per_iteration=1
label_index=0
max_feature_idx=98
objective=binary sigmoid:1
feature_names=Column_0 Column_1 Column_2 Column_3 Column_4 Column_5 Column_6 Column_7 Column_8 Column_9 Column_10 Column_11 Column_12 Column_13 Column_14 Column_15 Column_16 Column_17 Column_18 Column_19 Column_20 Column_21 Column_22 Column_23 Column_24 Column_25 Column_26 Column_27 Column_28 Column_29 Column_30 Column_31 Column_32 Column_33 Column_34 Column_35 Column_36 Column_37 Column_38 Column_39 Column_40 Column_41 Column_42 Column_43 Column_44 Column_45 Column_46 Column_47 Column_48 Column_49 Column_50 Column_51 Column_52 Column_53 Column_54 Column_55 Column_56 Column_57 Column_58 Column_59 Column_60 Column_61 Column_62 Column_63 Column_64 Column_65 Column_66 Column_67 Column_68 Column_69 Column_70 Column_71 Column_72 Column_73 Column_74 Column_75 Column_76 Column_77 Column_78 Column_79 Column_80 Column_81 Column_82 Column_83 Column_84 Column_85 Column_86 Column_87 Column_88 Column_89 Column_90 Column_91 Column_92 Column_93 Column_94 Column_95 Column_96 Column_97 Column_98
feature_infos=[0.15335600230236945:51.964966306095569] [0.10997322115429697:26.610120962394092] [0.15335600230236945:36.497137447829907] [0.076235463176880902:55.792847643571392] [0.039588501990660108:25.145722396946169] [0.075087736403655125:27.134208290043595] [0.15453734915486594:55.558711015019163] [0.069657389911958079:14.911557276695685] [0.10062514472950235:25.791642863000405] [0.0027581484287031652:1.4060171428835897] [0.0027581484287031652:0.37917631434568122] [0.0027581484287031652:0.55970824203899949] [0.0017042705328833563:3.3022301198014326] [0.0012536783998204626:1.1542162999733869] [0.0017042705328833563:1.3872803994019887] [0.17282249931460036:155.1858466232172] [0.61373097665548859:3939.1332946748093] [0.35624624200642008:116.4119280243859] [0.46967579072602361:487.86826814506969] [0:68.156343566487493] [0.17282249931460036:76.560976346620293] [0.0078232878157803755:21.375910324348499] [0.0019631485822901367:1.947823776022739] [0.0070897237716537297:2.9705309113409397] [0.096057217803768746:45.617013595942289] [0.032456948262056695:11.07883699221648] [0.040606089563228337:22.586822254785101] [0:0.99986417076314915] [0:0.39945647563699854] [0:0.73728572554897209] [0:3] [0:2.1333333333333337] [0:2.5499999999999998] [0:1] [0:1] [0:1] [0:0.96649581286655295] [0:0.46100685200834857] [0:0.72333618342312789] [0:1.1005826223473449] [0:0.99999973292847533] [0:0.68531558826519856] [0:0.99724845439835008] [0:1] [0:0.89015028155725417] [0:1] [0.32858364439407217:63.915162522497724] [0.32611256921329046:37.341374151283738] [0.32611256921329046:48.848977860399046] [0.31663024427070158:60.7673228619946] [0.060959476978993642:11.518490319785329] [0.13552231952338986:17.273635363966982] [0.24330724153624522:60.661356183408486] [0.048299251719703298:11.907347672969795] [0.13079859801337523:14.079981322755106] [0.038508057381589876:2.1076645610907305] [0.02512331926721597:0.64407298539627955] [0.038508057381589876:1.146578845906816] [0.37376952048641376:4.0646626108763293] [0.22379005477390668:1.9459600036063052] [0.31364981044917822:2.2303059662318065] [3.2548359354526579:179.92202538902757] [2.4602153282006145:3972.5191296589724] [0.40913899995361636:82.839329827192131] [0.73313851489125115:134.93228612544615] [0.93354098498196825:126.8266583367911] [1.9369295000605427:162.49430888117021] [0.015938357239789726:22.68950241045955] [0.001061452943340892:1.4302788495670566] [0.0095119771253353927:6.2459775907248236] [0.18998829891279592:52.195220189801965] [0.16738748171264012:8.7329669443016673] [0.17228917934071566:12.111164798528401] [0:0.99986417076314915] [0:0.80032821455334413] [0:0.95236992623154404] [0.033333333333333326:3] [0:2.5499999999999998] [0:3] [0.43127411255047354:29.899100519555553] [0.059171563863912785:8.2280405378036523] [0.06900473105940913:9.2597724828086925] [0.029013386967643141:0.7058390670036141] [0.22418190540916849:2.4178013945283832] [0.76317088374097164:140.99189731893185] [1.3298335859234713:87.730811079364969] [0.0061188661460936039:6.1688204346344993] [0.15695678555782044:12.376410448647828] [0:0.41708096550976165] [0:2.5583333333333331] [0.00065461263951016547:0.77423348677480797] [5.8065275321436684e-05:0.46814351838963675] [0.00023566055022365955:0.71591224816696308] [0:0.9901470564107594] [0:0.53603355908438899] [0:0.83513967913488218] [0:1] [0:0.83102407365435349] [0:1]
tree_sizes=1268 1187 1182 1189 1079 1179 1195 1086 1183 1083 1289 1188 984 1084 1298 1081 1293 1292 1189 1188 1083 1192 1297 1290 1296 1187 1407 1191 1194 1086 1191 988 1295 1400 1295 1086 1293 1402 1088 1296 1089 1187 1185 1085 1191 1186 1404 1194 1180 1189 885 1292 1200 1296 1292 1085 1295 1189

Tree=0
num_leaves=11
num_cat=0
split_feature=55 84 53 61 22 61 76 30 82 85
split_gain=104.165 27.2679 20.7446 14.0753 5.6097 3.86034 3.48707 3.382 1.74654 0.24925
threshold=0.44953116687692202 2.7194380185665517 1.0890148007627978 30.769416323993635 0.19425983719657175 34.301674978714367 2.183333333333334 1.0666666666666671 0.10619190657452672 14.683908604600884
decision_type=10 10 10 10 10 10 2 8 10 10
left_child=1 5 7 -2 -4 8 -5 -3 -1 -8
right_child=3 2 4 6 -6 -7 9 -9 -10 -11
leaf_value=-0.009198433383823687 0.086529367980522368 0.0069748315775765846 0.092985960394577336 0.1173861551127659 0.15919992842591635 0.05600500424484995 0.17397019849115597 0.067386201342249902 0.037188456242034977 0.13613437629100544
leaf_weight=19.213000133633621 8.234142914414404 5.4894286096096048 7.2360649853944761 5.7389480918645885 4.9903896450996399 5.239909127354621 19.462519615888599 4.9903896450996408 6.487506538629531 5.239909127354621
leaf_count=77 33 22 29 23 20 21 78 20 26 21
internal_value=0.0828576 0.0381358 0.0803679 0.144578 0.123372 0.00834395 0.159819 0.0314633 0.000179096 0.16814
internal_weight=92.3222 53.6467 22.7063 38.6755 12.2265 30.9404 30.4414 10.4798 25.7005 24.7024
internal_count=370 215 91 155 49 124 122 42 103 99
is_linear=0
shrinkage=1


Tree=1
num_leaves=10
num_cat=0
split_feature=61 53 84 76 49 68 90 71 0
split_gain=89.6228 25.9489 21.1702 11.0699 7.11486 6.19486 5.118 3.15133 0.712454
threshold=34.773222691836629 1.0514395346064427 2.4894142716748484 2.3833333333333342 25.22614404105984 0.23761189822181766 0.3040586637803972 1.6764018645256991 25.600763988417622
decision_type=10 8 10 2 8 2 2 2 10
left_child=2 6 4 -4 7 -5 -2 -1 -3
right_child=1 8 3 5 -6 -7 -8 -9 -10
leaf_value=-0.08999549817371838 0.021764215024127287 0.082132044269339469 -0.042004904987941807 -0.0073488900872367077 -0.0095769763682509307 0.064521201942879691 -0.042726127833025596 -0.045509232695223792 0.045808488863480448
leaf_weight=17.744047269225124 4.9880969375371915 25.357887625694278 7.9871448129415539 5.2390138357877714 4.9966876804828635 5.4784044623374939 5.4818288534879684 9.7422656863927823 6.2164638787508002
leaf_count=71 20 102 32 21 20 22 22 39 25
internal_value=0.00116992 0.0545667 -0.0428942 -0.000271995 -0.066696 0.0317599 -0.0127828 -0.0763789 0.0766064
internal_weight=93.2318 42.0443 51.1876 18.7046 32.483 10.7174 10.4699 27.4863 31.5744
internal_count=374 169 205 75 130 43 42 110 127
is_linear=0
shrinkage=0.05


Tree=2
num_leaves=10
num_cat=0
split_feature=54 61 30 92 26 61 61 68 12
split_gain=72.917 30.3709 17.1259 13.5558 9.0926 8.51666 3.90389 2.7342 0.822446
threshold=2.0956741178577887 32.491143632488821 1.0666666666666671 0.27467469548425666 3.846644531299408 24.128596600878431 37.328589517192988 0.215524377052111 0.29985046818058259
decision_type=8 10 10 2 8 10 10 2 10
left_child=2 4 6 5 -2 -4 -1 -3 -9
right_child=1 7 3 -5 -6 -7 -8 8 -10
leaf_value=-0.086829461888986881 0.019297682287001669 0.02703528234938464 -0.030237851707479408 -0.060566129001759887 -0.050431494013924785 0.044105372536933647 -0.032398342798858649 0.041115051944223803 0.081326394021852585
leaf_weight=18.472579032182697 9.2249282598495501 4.9613147526979473 5.4949939548969295 8.7292817533016187 7.735717147588729 8.7103261798620206 5.9769037365913382 4.9362902045249966 20.736577957868576
leaf_count=74 37 20 22 35 31 35 24 20 84
internal_value=-0.00358891 0.0397111 -0.0470034 -0.0149316 -0.0135428 0.0152501 -0.0753192 0.0686913 0.075426
internal_weight=94.9789 47.5948 47.3841 22.9346 16.9606 14.2053 24.4495 30.6342 25.6729
internal_count=382 192 190 92 68 57 98 124 104
is_linear=0
shrinkage=0.05


Tree=3
num_leaves=10
num_cat=0
split_feature=55 64 53 54 60 86 40 86 68
split_gain=74.3627 26.6053 15.281 9.79354 7.89742 7.54884 5.07964 1.76399 1.04328
threshold=0.44953116687692202 6.7371230532208779 1.0693375046851703 2.0744993368540747 0.59915301410407584 0.28778943102650723 0.98705817402237706 0.64102821170383006 0.23761189822181766
decision_type=10 10 8 10 2 10 2 10 2
left_child=1 6 -3 4 -2 -4 8 -5 -1
right_child=3 2 5 7 -6 -7 -8 -9 -10
leaf_value=-0.08251738892360902 -0.029400628525748818 -0.044320533235326476 -0.0023192863607898943 0.07606320555069869 0.051347169661045799 0.067187635617352859 -0.01501504474775037 0.03214323209843388 -0.048098953571983856
leaf_weight=18.418046906590465 5.2395635396242124 8.9789852201938647 7.1921448111534101 21.837173789739612 4.9465655088424683 7.3854660838842392 4.9840926975011817 4.9164618700742713 8.9691895097494108
leaf_count=74 21 36 29 89 20 30 20 20 36
internal_value=-0.00021759 -0.036354 0.00415879 0.0540102 0.0108967 0.0349476 -0.0650764 0.0694411 -0.073337
internal_weight=92.8677 55.9279 23.5566 36.9398 10.1861 14.5776 32.3713 26.7536 27.3872
internal_count=375 225 95 150 41 59 130 109 110
is_linear=0
shrinkage=0.05


Tree=4
num_leaves=9
num_cat=0
split_feature=61 54 84 76 65 82 19 76
split_gain=68.4805 30.0779 15.0503 10.6394 5.31626 4.23968 4.72181 3.47709
threshold=34.773222691836629 1.5160484401608372 3.2775990856138852 2.3833333333333342 17.479541799995836 0.11641590813416054 2.4720046382585652 2.9166666666666674
decision_type=10 8 10 2 10 10 10 2
left_child=2 -2 5 -4 -3 7 -7 -1
right_child=1 4 3 -5 -6 6 -8 -9
leaf_value=-0.082997127363459017 -0.029887814634778982 0.078131207321804355 -0.03706822394915394 0.048153357728417265 0.023424914184015867 0.0087711907120555845 -0.053922938661660529 -0.037148214463492688
leaf_weight=15.101042971014977 9.454259902238844 26.755282208323479 6.2287918627262098 6.4462547451257706 6.5842333436012259 4.9881361275911313 5.7248368114233017 9.1869699358940125
leaf_count=61 38 110 25 26 27 20 23 37
internal_value=0.00108773 0.0464394 -0.0397375 0.00662548 0.068324 -0.0562448 -0.0264749 -0.0678095
internal_weight=90.4698 42.7938 47.676 12.675 33.3395 35.001 10.713 24.288
internal_count=367 175 192 51 137 141 43 98
is_linear=0
shrinkage=0.05


Tree=5
num_leaves=10
num_cat=0
split_feature=61 53 51 61 89 1 69 76 22
split_gain=61.8315 29.8037 13.6361 12.8106 10.6227 6.39992 3.18862 3.40098 1.2128
threshold=29.047493700604232 1.0514395346064427 1.8000937225449964 17.416513026717279 1.8208333333333337 5.0998804147626204 0.27863373880358439 2.183333333333334 0.033555003350819158
decision_type=10 8 8 8 8 8 2 2 8
left_child=2 4 8 -4 -2 -5 -3 -8 -1
right_child=1 6 3 5 -6 -7 7 -9 -10
leaf_value=-0.037765311551833963 0.013453895583749334 0.020405439408115136 -0.066232930284869318 0.055004327032470157 -0.064324057234144819 -0.014976171638846928 0.021119703414505246 0.072488606900509359 -0.07808078972537022
leaf_weight=5.4141566753387478 9.1758603304624575 5.9122612476348868 5.9559979885816601 5.1909090578556034 6.9551275223493567 6.2215505838394174 4.8490330129861858 25.137880548834801 18.7166947722435
leaf_count=22 37 24 24 21 28 25 20 105 76
internal_value=-0.00238649 0.0336502 -0.0472965 -0.0124311 -0.0218785 0.0187212 0.0585183 0.0651316 -0.070898
internal_weight=93.5295 52.0302 41.4993 17.3685 16.131 11.4125 35.8992 29.9869 24.1309
internal_count=382 214 168 70 65 46 149 125 98
is_linear=0
shrinkage=0.05


Tree=6
num_leaves=10
num_cat=0
split_feature=61 53 49 30 73 14 86 38 62
split_gain=54.7105 25.1603 11.2299 8.50094 6.80504 5.75796 4.71867 2.90488 0.85007
threshold=25.334090469326188 0.99432439464538369 16.753709013745862 1.166666666666667 0.21719661584668773 0.093454609356598564 0.27458697847203795 0.23803358163111241 106.03087128619433
decision_type=10 8 8 10 10 10 8 2 10
left_child=2 3 7 -2 -4 -3 -7 8 -1
right_child=1 5 4 -5 -6 6 -8 -9 -10
leaf_value=-0.082505323980821388 -0.055384007269036709 3.1098051574232142e-05 -0.040255880635910561 0.012551012914713534 0.034637489173024359 0.027198645307992181 0.070390548633912961 -0.024806342427868236 -0.040960555100025414
leaf_weight=15.13232839107514 7.9075571447610882 4.8746836930513373 5.1905412375926954 8.9176298379898054 4.9560049176216125 10.950883179903029 23.899246394634247 4.8954602628946295 4.9054960757493964
leaf_count=62 32 20 21 36 20 45 101 20 20
internal_value=-0.000572198 0.0296967 -0.0488374 -0.0206932 -0.00384914 0.051023 0.0579557 -0.0662909 -0.0747651
internal_weight=91.6298 56.55 35.0798 16.8252 10.1465 39.7248 34.8501 24.9333 20.0378
internal_count=377 234 143 68 41 166 146 102 82
is_linear=0
shrinkage=0.05


Tree=7
num_leaves=9
num_cat=0
split_feature=64 53 55 55 61 52 89 22
split_gain=48.2568 17.5315 16.716 9.68284 8.47831 4.80806 4.58753 3.10132
threshold=5.7707295927709223 0.99432439464538369 0.47639146247325009 0.3384433090519024 27.537153543196862 12.154485455974209 1.6125000000000003 0.1625630599724309
decision_type=10 8 10 10 10 8 8 10
left_child=2 3 5 -2 -3 -1 -6 -7
right_child=1 4 -4 -5 6 7 -8 -9
leaf_value=-0.072304558310843536 -0.055728143639743571 -0.00082848066199203035 0.036661894941711251 0.022992747711364225 0.063873408553180508 0.001638163614805802 0.011867204308535514 -0.049633444655177453
leaf_weight=18.863616764545444 6.8930848985910398 7.8733908683061591 4.9001423716545096 6.9153905510902405 29.811696648597717 5.1826802194118482 5.5195005089044562 5.6598377525806427
leaf_count=78 28 32 20 28 127 21 23 23
internal_value=0.00258966 0.0306861 -0.0432604 -0.0174137 0.0461053 -0.0572085 0.0562992 -0.027057
internal_weight=91.6193 57.0131 34.6063 13.8085 43.2046 29.7061 35.3312 10.8425
internal_count=380 238 142 56 182 122 150 44
is_linear=0
shrinkage=0.05


Tree=8
num_leaves=10
num_cat=0
split_feature=64 51 55 76 79 30 55 36 37
split_gain=55.687 18.2415 16.8735 14.4585 9.0384 4.80263 4.47254 3.57032 1.47264
threshold=5.7707295927709223 1.8000937225449964 0.4188680307183254 2.3833333333333342 8.8434560016464641 0.90833333333333355 0.3384433090519024 0.35530755812147607 0.051809293763660613
decision_type=8 8 10 2 8 10 10 2 2
left_child=2 3 8 -2 -4 -3 -5 -7 -1
right_child=1 5 4 6 -6 7 -8 -9 -10
leaf_value=-0.033581654413890973 -0.055722350787055286 0.015689203238425726 -0.03711432021632035 -0.004934344778052986 0.048117048941780295 0.026289617603548122 0.055650602932822452 0.069707535343064744 -0.074298659540283141
leaf_weight=5.2995336949825314 8.0697222054004687 8.8475555032491666 5.124935403466222 5.378295034170149 5.3443956077098855 8.0507500171661395 5.6012319475412369 22.838895604014397 20.429919973015785
leaf_count=22 33 37 21 22 22 34 23 99 85
internal_value=0.00165529 0.0315238 -0.0463943 -0.008454 0.00679645 0.0504255 0.0280387 0.0595708 -0.0674822
internal_weight=94.9852 58.7865 36.1988 19.0492 10.4693 39.7372 10.9795 30.8896 25.7295
internal_count=398 248 150 78 43 170 45 133 107
is_linear=0
shrinkage=0.05


Tree=9
num_leaves=9
num_cat=0
split_feature=61 54 64 19 55 76 47 11
split_gain=48.5436 17.3709 14.1543 9.75681 7.49247 5.41652 5.0502 4.76586
threshold=30.352469392581934 1.7713522384068687 10.129590083154543 6.915184523014605 0.46829779015303291 2.850000000000001 3.5807994682719655 0.068543434688664473
decision_type=10 10 8 10 10 2 10 10
left_child=2 3 4 6 5 -1 -2 -3
right_child=1 7 -4 -5 -6 -7 -8 -9
leaf_value=-0.074898282673847918 -0.016989552621035905 0.020518427381238796 0.025565766650472849 -0.05954331258646433 0.0047965166139716138 -0.02869591117881877 0.047684038320780935 0.06580094842680273
leaf_weight=19.653553053736687 4.849467068910597 9.1593832373619062 6.7688924223184577 5.1365443021059027 5.2064778804779044 11.85162663459778 5.5761932730674744 23.72129562497139
leaf_count=83 20 39 28 21 21 49 23 105
internal_value=-3.62547e-05 0.0340585 -0.0379338 -0.00912865 -0.0500093 -0.0589354 0.0187472 0.0541648
internal_weight=91.9234 48.4429 43.4805 15.5622 36.7117 31.5052 10.4257 32.8807
internal_count=389 208 181 64 153 132 43 144
is_linear=0
shrinkage=0.05


Tree=10
num_leaves=11
num_cat=0
split_feature=55 93 31 36 86 8 64 58 40 67
split_gain=41.3711 15.2428 10.6758 9.34111 7.40503 7.10642 6.43272 2.74051 3.35371 1.07019
threshold=0.44953116687692202 0.49968639114580632 0.31666666666666676 0.37719006198218596 0.27638310462001531 1.4581951840753231 7.7445447615276661 1.195112653719167 0.8284286254408445 1.8332440569504835
decision_type=10 2 8 2 10 8 8 2 2 2
left_child=1 4 5 -2 9 -3 -6 8 -5 -1
right_child=3 2 -4 7 6 -7 -8 -9 -10 -11
leaf_value=-0.07108594951454722 -0.0053898331424627527 0.019689272977892153 0.045412215030570358 0.00043955834237322829 -0.045663228878392026 -0.053644321408093269 0.02872815223778552 0.068988968996780128 0.052494430651429475 -0.034556225556201511
leaf_weight=16.673354804515842 8.0934253931045514 4.9497756659984598 8.7438530921936017 5.0371694415807742 5.0126738697290394 6.9489211738109598 4.6911666840314874 15.681524261832235 7.0923371464014053 5.792938604950904
leaf_count=71 34 21 37 21 21 29 20 70 31 24
internal_value=0.000673012 -0.0272966 0.00615557 0.041439 -0.0483003 -0.0239767 -0.0103758 0.054781 0.0325569 -0.0635407
internal_weight=88.7171 52.8127 20.6425 35.9045 32.1701 11.8987 9.70384 27.811 12.1295 22.4663
internal_count=379 223 87 156 136 50 41 122 52 95
is_linear=0
shrinkage=0.05


Tree=11
num_leaves=10
num_cat=0
split_feature=61 84 72 73 51 32 66 39 73
split_gain=48.1234 13.5889 10.9481 5.99723 4.53965 5.60562 4.32928 3.35748 0.414295
threshold=34.773222691836629 3.4394300816798862 1.8410471243987174 0.3944176564448893 1.8000937225449964 0.69166666666666676 36.647934873225701 0.423404813804725 0.58619130317617973
decision_type=8 10 2 10 10 10 10 2 10
left_child=1 4 -2 -3 8 -6 7 -4 -1
right_child=2 3 6 -5 5 -7 -8 -9 -10
leaf_value=-0.070645087055181147 -0.020011172486195911 -0.021682504700493817 0.070347245652003232 0.04700279795473665 -0.058230809309866439 0.004140712979161962 0.0077729341942104034 0.031769518642986362 -0.037141035530921372
leaf_weight=14.408362567424776 5.8837914764881125 5.3513014018535596 19.700490593910221 5.5213073790073395 5.477792561054228 7.8399343937635422 5.4493057280778876 11.511558577418326 5.1704230010509482
leaf_count=63 24 22 88 23 23 32 24 52 22
internal_value=0.00316774 -0.0332706 0.0405576 0.0142182 -0.0489226 -0.0237889 0.0505515 0.0575471 -0.064032
internal_weight=86.3143 43.7691 42.5451 10.8726 32.8965 13.3177 36.6614 31.212 19.5788
internal_count=373 185 188 45 140 55 164 140 85
is_linear=0
shrinkage=0.05


Tree=12
num_leaves=8
num_cat=0
split_feature=51 61 57 53 57 69 95
split_gain=41.923 22.0663 14.9656 8.28981 6.49569 3.85145 1.41378
threshold=1.8000937225449964 16.831592411507874 0.15278079678963644 1.0416384882260494 0.22434650345621682 0.75340472770204059 0.49972781118922432
decision_type=8 8 10 10 10 2 2
left_child=3 -2 -3 4 6 -4 -1
right_child=1 2 5 -5 -6 -7 -8
leaf_value=-0.066795866146677915 -0.061264569969534492 -0.017769879781153828 0.066025536711599428 0.0037350680165081163 0.0003215623607838266 0.02372261918119075 -0.027292150932666973
leaf_weight=20.587317600846298 4.9441886693239203 7.941337823867797 25.676326543092728 8.8534473925828916 5.2123104035854331 8.6817508339881879 4.7493542283773413
leaf_count=89 21 33 116 38 22 39 20
internal_value=-0.00105098 0.0304277 0.0423126 -0.0386129 -0.0506152 0.0563095 -0.0607083
internal_weight=86.646 47.2436 42.2994 39.4024 30.549 34.3581 25.3367
internal_count=378 209 188 169 131 155 109
is_linear=0
shrinkage=0.05


Tree=13
num_leaves=9
num_cat=0
split_feature=54 61 36 89 4 49 37 30
split_gain=33.6868 13.7153 10.468 8.28796 8.21523 7.61083 6.4182 1.62959
threshold=1.9420423979645176 19.768314993003781 0.38613418102746733 1.5083333333333335 0.27805503219648436 16.961475382370782 0.074886197322916265 1.4416666666666669
decision_type=8 8 2 8 10 10 2 10
left_child=2 -2 5 6 -4 7 -3 -1
right_child=1 3 4 -5 -6 -7 -8 -9
leaf_value=-0.071834530206250455 -0.033517541168042363 0.0058435263744799088 0.045963665044721387 -0.0091757187208718755 -0.029298922725647693 0.0053775203569132839 0.062499291706591978 -0.031517654476165433
leaf_weight=14.438636243343359 6.1777749657630912 6.3534977138042441 5.7439798116683942 6.2292614281177512 6.8680211752653122 4.9995344877243033 26.982539460062981 5.9149904847145072
leaf_count=65 26 27 24 27 29 21 125 25
internal_value=0.00318374 0.0317682 -0.0311883 0.042537 0.00583702 -0.0491292 0.052186 -0.0621427
internal_weight=83.7082 45.7431 37.9652 39.5653 12.612 25.3532 33.336 20.3536
internal_count=369 205 164 179 53 111 152 90
is_linear=0
shrinkage=0.05


Tree=14
num_leaves=11
num_cat=0
split_feature=55 53 63 41 31 95 86 12 18 56
split_gain=36.0593 16.7883 12.6995 8.24633 6.68451 5.81644 4.91796 2.5928 1.10811 0.0933762
threshold=0.43578392441832065 1.0416384882260494 2.6685057587186169 0.38904629397505325 0.80416666666666681 0.49966649810715935 0.28163433458028081 0.29009500351669221 9.5160962345927285 0.14291967967331559
decision_type=10 8 8 2 8 2 10 8 8 10
left_child=1 5 7 4 -2 9 -4 -3 -5 -1
right_child=3 2 6 8 -6 -7 -8 -9 -10 -11
leaf_value=-0.07202946586759576 0.031514756818548741 -0.065482961721017974 0.0018951122642022129 0.031923797757352802 -0.036879184497651929 -0.0082560733738763076 0.055665316179196914 -0.011803599081698025 0.065979255256667563 -0.042120670783313691
leaf_weight=15.174527123570448 8.5993770062923396 4.5777623504400262 8.8115841150283831 6.6524949073791531 4.7111171633005151 5.8618941456079474 7.3530215173959723 4.6704516559839258 13.973471090197561 6.0186179578304282
leaf_count=69 39 20 37 30 20 25 34 20 67 26
internal_value=-0.00162235 -0.0274171 0.00194555 0.0379013 0.00642191 -0.0540838 0.0281724 -0.0421713 0.0569794 -0.0658163
internal_weight=86.4043 52.4679 25.4128 33.9365 13.3105 27.055 16.1646 9.24821 20.626 21.1931
internal_count=387 231 111 156 59 120 71 40 97 95
is_linear=0
shrinkage=0.05


Tree=15
num_leaves=9
num_cat=0
split_feature=61 81 63 30 83 40 26 79
split_gain=27.1127 13.2113 9.28965 8.24435 4.44692 4.37045 2.23462 1.35075
threshold=34.372398913990402 0.99203166206840987 3.0884829623453931 1.0666666666666671 0.80909114714159547 0.97971836330140871 0.8091959171973071 6.4105801975763921
decision_type=8 8 10 10 8 2 8 8
left_child=2 -2 5 -4 7 6 -1 -3
right_child=1 4 3 -5 -6 -7 -8 -9
leaf_value=-0.017025854168054896 -0.025493696459436443 0.025726462824537756 -0.037905982495847118 0.03884321634138943 0.01079359573531565 -0.0037077799144058852 -0.058770660040398562 0.061933160584648012
leaf_weight=5.0567604750394883 7.8997076451778403 5.408670246601111 4.8566364049911481 7.7663989067077637 8.1941343992948514 6.2945328801870337 18.816899940371513 17.933362543582916
leaf_count=23 33 25 21 33 37 27 84 89
internal_value=0.000402753 0.0299196 -0.0268617 0.0086995 0.0441574 -0.041543 -0.0509685 0.0549451
internal_weight=82.2271 39.4359 42.7912 12.623 31.5362 30.1682 23.8737 23.342
internal_count=372 184 188 54 151 134 107 114
is_linear=0
shrinkage=0.05


Tree=16
num_leaves=11
num_cat=0
split_feature=61 53 64 76 77 34 39 13 24 11
split_gain=27.5978 13.2016 8.53816 7.55753 7.19548 6.47479 3.88611 3.27955 3.22256 0.74654
threshold=30.352469392581934 0.99432439464538369 10.79669221274005 2.850000000000001 1.1583333333333337 0.591418083972162 0.46556617180117016 0.067920424844093996 12.173361365997961 0.095526521728006519
decision_type=10 10 10 2 2 2 2 10 10 10
left_child=2 4 3 9 -2 -5 7 -3 -8 -1
right_child=1 6 -4 5 -6 -7 8 -9 -10 -11
leaf_value=-0.066903022425664468 0.022027831048286924 0.014060110967842425 0.025586019991605792 -0.034609685079942928 -0.044622752645290406 0.029619717473447538 0.03911202520720846 0.064262307787150363 -0.016765029472155291 -0.031625539625730219
leaf_weight=15.066512107849123 6.7250995784997922 4.8111173510551515 4.9454062581062308 10.441595628857611 7.6992751657962799 5.0630697160959235 4.2821616977453214 16.52032358944416 4.2214082330465317 4.8402497321367255
leaf_count=71 28 22 21 46 33 21 21 82 20 21
internal_value=-0.00251403 0.0244953 -0.0320112 -0.0405368 -0.0141347 -0.0131117 0.0430245 0.0540763 0.0125278 -0.0602484
internal_weight=84.6162 44.2594 40.3568 35.4114 14.4244 15.5047 29.835 21.3314 8.50357 19.9068
internal_count=386 206 180 159 61 67 145 104 41 92
is_linear=0
shrinkage=0.05


Tree=17
num_leaves=11
num_cat=0
split_feature=36 55 84 30 52 95 70 26 85 32
split_gain=27.8701 10.8972 8.18172 11.0043 4.5094 4.32292 4.25107 3.39973 2.44481 0.834136
threshold=0.38613418102746733 0.3229533234352619 2.6960964704741941 1.0666666666666671 16.571104377896734 0.49896316033730082 4.47262711572185 5.7754185539662517 17.953903122822002 0.75833333333333353
decision_type=2 10 10 10 8 2 2 10 10 10
left_child=2 -2 4 -4 9 -5 -3 -6 -8 -1
right_child=1 6 3 5 7 -7 8 -9 -10 -11
leaf_value=-0.065641892436822835 -0.026211846138198248 0.0064589472766541428 -0.049213351824650281 0.0016101000996134236 0.016774735184949 0.059316782397104764 0.058678157820209347 -0.038161850732373478 0.013230730788836935 -0.034122796781079365
leaf_weight=10.896941274404531 6.0667843222618094 6.6534225195646277 6.0154731124639538 7.1023270487785322 4.759655147790907 5.0667805820703506 21.885708734393123 4.6649515330791473 4.1866983473300925 7.6337984502315512
leaf_count=53 27 29 27 31 20 23 108 20 20 34
internal_value=0.00125973 0.0320591 -0.0247659 0.00144139 -0.0412744 0.0283168 0.0433184 -0.0114698 0.0521385 -0.0550694
internal_weight=84.9325 38.7926 46.1399 18.1846 27.9553 12.1691 32.7258 9.42461 26.0724 18.5307
internal_count=392 184 208 81 127 54 157 40 128 87
is_linear=0
shrinkage=0.05


Tree=18
num_leaves=10
num_cat=0
split_feature=57 76 34 97 77 86 53 34 21
split_gain=22.3904 14.1771 9.0202 7.39841 6.62543 5.39912 4.70808 2.10863 1.02068
threshold=0.15278079678963644 2.2833333333333341 0.41679309251387969 0.15826687996871627 1.6500000000000001 0.3133247551244811 1.2779517758127679 0.2338510583905197 1.3317222206595318
decision_type=10 2 2 2 2 8 8 2 8
left_child=6 2 7 4 -3 -5 8 -2 -1
right_child=1 3 -4 5 -6 -7 -8 -9 -10
leaf_value=-0.066604989479240206 -0.021978056236993032 0.060157402360166215 0.021911122086081251 -0.035346993928255091 -0.00025919079783482497 0.033701503740288755 -0.0073903820607460566 -0.068396488818692577 -0.033795286033432251
leaf_weight=8.9632705152034813 7.0837377309799212 20.845659911632541 7.9911384731531134 5.073202267289159 5.7166609168052664 4.3112183958292016 8.5212777704000455 4.5230892896652222 8.5387276709079725
leaf_count=43 32 101 39 23 26 22 37 20 39
internal_value=-0.00167121 0.016241 -0.0174007 0.0345569 0.0476171 -0.00343528 -0.0390898 -0.0440575 -0.0532898
internal_weight=81.568 55.5447 19.598 35.9467 26.5623 9.38442 26.0233 11.6068 17.502
internal_count=382 263 91 172 127 45 119 52 82
is_linear=0
shrinkage=0.05


Tree=19
num_leaves=10
num_cat=0
split_feature=61 54 76 64 57 41 65 87 36
split_gain=29.5189 10.1839 8.41827 10.2217 6.81404 5.77623 3.8472 1.4199 1.03508
threshold=34.773222691836629 1.7713522384068687 2.2833333333333341 8.1447468324181145 0.22434650345621682 0.4720600635002995 17.479541799995836 1.7838957164216345 0.34137325802579449
decision_type=8 8 2 10 8 2 10 10 2
left_child=2 4 7 5 -2 -4 8 -1 -3
right_child=1 6 3 -5 -6 -7 -8 -9 -10
leaf_value=-0.063480528337853226 -0.032656550159533129 0.026236090488687261 -0.044786029980796727 0.042646158678951517 0.038072805190050081 0.0086759160500996021 0.0089346092909163236 -0.026343865511100319 0.064052373066334364
leaf_weight=11.571458563208582 7.7343352884054157 4.2444489449262681 13.020617052912717 6.3337967395782462 4.5957632660865793 7.4572836160659781 5.3582581281661978 6.0059728175401679 17.026621997356415
leaf_count=58 33 20 59 28 20 32 26 26 91
internal_value=0.000621959 0.031954 -0.0269757 -0.008694 -0.00541533 -0.0258197 0.0488267 -0.0528925 0.0580233
internal_weight=83.3486 38.9594 44.3891 26.8117 12.3301 20.4779 26.6293 17.5774 21.2711
internal_count=393 190 203 119 53 91 137 84 111
is_linear=0
shrinkage=0.05


Tree=20
num_leaves=9
num_cat=0
split_feature=64 53 12 40 55 84 36 7
split_gain=24.2789 11.8034 7.97564 7.60302 4.92401 4.52408 3.60276 0.199115
threshold=5.7707295927709223 0.87037090391225203 1.5866905054895031 0.97971836330140871 0.3384433090519024 3.105801122178653 0.3613100316915801 0.31070975672992668
decision_type=8 8 8 2 10 10 2 8
left_child=3 4 5 6 -2 -3 7 -1
right_child=1 2 -4 -5 -6 -7 -8 -9
leaf_value=-0.032632573302423827 -0.044969181451590318 0.0071723148300586546 -0.025323367464595188 0.0081224679462690626 0.015512142360931855 0.053775578689315609 -0.017518835201663998 -0.067662473182932156
leaf_weight=3.550053790211682 7.028743773698805 6.9815417081117657 4.10963450372219 7.4012230783700934 5.1099669933319092 24.336125895380974 7.6264101862907401 12.033475175499916
leaf_count=18 32 32 19 33 22 125 35 59
internal_value=-0.00112649 0.0210857 0.0354217 -0.0352168 -0.0202659 0.0439299 -0.0488015 -0.0621314
internal_weight=78.1772 47.566 35.4273 30.6112 12.1387 31.3177 23.2099 15.5835
internal_count=375 230 176 145 54 157 112 77
is_linear=0
shrinkage=0.05


Tree=21
num_leaves=10
num_cat=0
split_feature=61 54 84 20 34 65 40 36 54
split_gain=22.4207 10.4245 7.06416 6.09713 5.79143 3.55303 3.12028 2.11225 0.258058
threshold=34.773222691836629 1.7713522384068687 3.0175752541520864 9.2121487677142238 0.51280059925845489 17.479541799995836 0.97971836330140871 0.35810963216154901 3.5412281715864236
decision_type=8 8 10 10 2 10 2 2 10
left_child=2 3 6 -2 -4 8 7 -1 -3
right_child=1 5 4 -5 -6 -7 -8 -9 -10
leaf_value=-0.055755885449479847 0.018537127998184778 0.063452115519244637 -0.019213743080496004 -0.05057074673620926 0.04765363519093966 0.0043717327184271022 -0.0071523352037390535 -0.020118587844587324 0.038104623371117974
leaf_weight=16.079556658864028 6.7216979861259443 11.103175818920141 7.1910523474216443 4.5095919370651245 4.3907569050788879 4.4590154141187659 7.2547671347856513 7.6221389621496192 8.8417656719684583
leaf_count=82 29 60 32 20 20 22 32 34 51
internal_value=-0.000680977 0.0281523 -0.0249271 -0.011077 0.00790891 0.045932 -0.0370752 -0.0455738 0.0545711
internal_weight=78.1735 35.6352 42.5383 11.2313 11.5818 24.404 30.9565 23.7017 19.9449
internal_count=382 182 200 49 52 133 148 116 111
is_linear=0
shrinkage=0.05


Tree=22
num_leaves=11
num_cat=0
split_feature=55 63 30 13 42 77 40 6 53 15
split_gain=18.9363 14.7077 8.0654 5.06458 4.27427 8.28272 3.61741 3.39269 3.10577 0.550543
threshold=0.47099890071914635 2.9504030592394161 1.0666666666666671 0.24202067209893399 0.60579297593926273 0.70833333333333337 0.98182260045376235 0.24546948840010921 0.99432439464538369 22.259536183971623
decision_type=10 8 10 8 2 2 2 10 8 8
left_child=1 6 8 -4 5 -2 7 -1 -3 -6
right_child=4 2 3 -5 9 -7 -8 -9 -10 -11
leaf_value=-0.0096172899432965548 -0.036364605174750264 -0.047690431265563105 0.054294970196881426 -0.006771225224487332 0.028305767503186665 0.047039743391726424 -0.0088178078297000851 -0.060213978755101455 0.0070846507812500244 0.060120439968362055
leaf_weight=4.6008706837892595 4.5934643894433993 4.6166947335004815 9.5518905967473948 4.7071431726217279 5.0102900713682148 5.4109766632318497 7.5494368970394126 16.7243372797966 4.3800314068794259 9.7186070084571838
leaf_count=24 22 21 46 23 25 25 34 83 20 55
internal_value=0.000266077 -0.0167885 0.0125547 0.0350134 0.0354676 0.00892063 -0.0400509 -0.0502176 -0.0229822 0.0517858
internal_weight=76.8637 52.1304 23.2558 14.259 24.7333 10.0044 28.8746 21.3252 8.99673 14.7289
internal_count=378 251 110 69 127 47 141 107 41 80
is_linear=0
shrinkage=0.05


Tree=23
num_leaves=11
num_cat=0
split_feature=36 84 72 31 52 40 62 1 76 58
split_gain=17.8962 8.56719 6.36262 5.65741 5.32729 5.38909 4.01773 2.67564 1.4713 0.606675
threshold=0.38438075482189743 3.2775990856138852 2.9632677454599667 0.3541666666666668 16.571104377896734 0.97971836330140871 124.54581542477558 11.158295460889827 2.9500000000000006 0.98971158308349827
decision_type=2 10 2 10 8 2 10 10 2 2
left_child=1 4 6 -3 8 -6 -2 9 -1 -4
right_child=2 3 7 -5 5 -7 -8 -9 -10 -11
leaf_value=-0.060525899978593825 0.020735828089257984 -0.020117167208369039 0.024888719273667436 0.040101934157268704 -0.034221800766329462 0.032087383202126472 -0.033551981198127266 0.0080410917126299067 -0.026603407418179643 0.059552290868717189
leaf_weight=11.576592743396764 7.9979859590530378 6.420665115118025 3.727258086204535 7.4076486229896545 5.7368704378604871 4.6340156942605972 4.4860991090536118 4.4163517802953711 7.7895478308200827 12.90964239835739
leaf_count=63 36 30 20 36 26 20 22 23 36 72
internal_value=0.00173032 -0.0192286 0.0287246 0.0126704 -0.0339919 -0.00437671 0.000186234 0.0448714 -0.0488576 0.0536379
internal_weight=77.1027 43.5653 33.5373 13.8283 29.737 10.3709 12.4841 21.0533 19.3661 16.6369
internal_count=384 211 173 66 145 46 58 115 99 92
is_linear=0
shrinkage=0.05


Tree=24
num_leaves=11
num_cat=0
split_feature=57 34 58 31 21 22 90 31 29 73
split_gain=18.8082 9.34097 7.7426 7.08282 6.93218 5.24791 4.46556 4.33959 1.54206 1.22044
threshold=0.15278079678963644 0.51151924001144655 1.195112653719167 0.40833333333333321 1.3578860345515049 0.11396169847886185 0.3896908447498168 0.033333333333333277 0.012531440427042424 0.86096999955367404
decision_type=10 2 2 10 8 8 2 10 8 10
left_child=3 2 5 8 -5 -2 -4 -3 -1 -9
right_child=1 7 6 4 -6 -7 -8 9 -10 -11
leaf_value=-0.065904903568353213 0.0066140776442090961 -0.0048026821358509849 0.045545232968121074 -0.035624273561426299 0.041150464262471299 -0.050044889764549662 -0.010625738436838759 0.061085025762250146 -0.027529483058181661 0.024467259607164629
leaf_weight=9.2447782307863235 7.2347451746463785 3.7959108203649548 8.8968663662672025 5.1894791126251194 4.6011181920766839 7.8129096329212198 5.007815569639205 12.91049684584141 6.6509791165590295 5.0855027288198462
leaf_count=47 35 20 43 25 21 37 26 70 34 29
internal_value=0.00129292 0.0188606 1.14101e-05 -0.0328189 0.000926076 -0.0240892 0.0259595 0.042804 -0.0524279 0.0525699
internal_weight=76.4306 50.7442 28.9523 25.6864 9.7906 15.0477 13.9047 21.7919 15.8958 17.996
internal_count=387 260 141 127 46 72 69 119 81 99
is_linear=0
shrinkage=0.05


Tree=25
num_leaves=10
num_cat=0
split_feature=55 68 76 69 64 78 27 47 87
split_gain=18.8638 11.2972 7.58064 6.21424 10.5053 4.9196 2.42992 2.22198 1.33449
threshold=0.44953116687692202 0.28097629588778233 2.683333333333334 0.73591546827413035 10.228064788849965 2.0166666666666671 0.097663415828829869 4.8768066210101333 2.0662592382721461
decision_type=10 2 2 2 10 2 8 10 8
left_child=1 5 -3 7 -5 -1 -7 -2 -9
right_child=3 2 -4 4 -6 6 -8 8 -10
leaf_value=-0.00014106682123319451 0.016786679936340563 -0.014160711349070782 0.057148502461401407 -0.051509076356474885 0.04520125378652419 -0.018898558437344691 -0.055444319881144614 0.02291023564483919 0.06391643868642341
leaf_weight=8.0812777429819089 6.551694303750998 7.4670529961585981 5.8727374225854874 4.6225876957178098 4.6143253743648529 8.0287839919328707 16.869249433279037 4.2335681021213505 11.236378714442253
leaf_count=39 31 37 30 21 27 42 84 23 63
internal_value=0.00131262 -0.0188041 0.0190287 0.0307806 -0.00350103 -0.0342167 -0.0448443 0.0446873 0.0547669
internal_weight=77.5777 46.3191 13.3398 31.2586 9.23691 32.9793 24.898 22.0216 15.4699
internal_count=397 232 67 165 48 165 126 117 86
is_linear=0
shrinkage=0.05


Tree=26
num_leaves=12
num_cat=0
split_feature=57 51 89 55 53 87 87 76 55 72 24
split_gain=20.3628 7.88142 8.74453 6.81259 5.78974 6.08471 3.45724 3.29787 2.51204 2.5318 0.192356
threshold=0.17528973470045262 1.8000937225449964 1.0000000180025095e-35 0.51090822725569518 1.1015038475546859 3.5679088606325169 1.8299953894641237 2.5166666666666675 0.27534967237193725 1.4677012349590977 10.356795422992279
decision_type=10 8 10 10 8 10 10 2 8 2 10
left_child=4 3 -3 7 8 6 -6 -2 9 -1 -4
right_child=1 2 10 -5 5 -7 -8 -9 -10 -11 -12
leaf_value=-0.045979337645484598 -0.055277409059778196 -0.013186374625281543 0.06116680195849044 0.040515328046633881 -0.0090694352741799277 -0.040583859778621272 0.048895163171179964 -0.001249992148195842 -0.064179007051230585 0.0047540242990648076 0.035471878640025635
leaf_weight=4.4277994334697741 4.4860902279615384 5.7403606325387981 13.114416725933554 4.4871691912412635 4.5984266698360425 5.9454388171434394 4.1702217161655426 5.9198566228151321 9.6215473562479001 4.1849132478237152 6.7990808188915244
leaf_count=25 22 29 75 21 22 28 20 27 51 20 39
internal_value=-0.000334753 0.0231427 0.0394352 -0.00563717 -0.0290573 -0.00508133 0.0206809 -0.027346 -0.0471345 -0.0233979 0.0545094
internal_weight=73.4953 40.547 25.6539 14.8931 32.9483 14.7141 8.76865 10.4059 18.2343 8.61271 19.9135
internal_count=379 213 143 70 166 70 42 49 96 45 114
is_linear=0
shrinkage=0.05


Tree=27
num_leaves=10
num_cat=0
split_feature=55 53 93 31 95 56 14 56 29
split_gain=15.7454 10.1121 7.3225 6.29384 5.36616 5.21152 3.08736 4.16333 0.0543971
threshold=0.44953116687692202 0.99432439464538369 0.52063129066203073 0.80416666666666681 0.49966649810715935 0.11594164935744168 0.17135903941779482 0.16612643929821694 0.064574942849644476
decision_type=10 8 2 8 2 8 10 10 10
left_child=1 4 5 6 -1 -3 7 -2 -8
right_child=3 2 -4 -5 -6 -7 8 -9 -10
leaf_value=-0.058783541358267015 -0.020553939904747721 -0.036226651809310825 0.054079127022802521 -0.012127314563456169 -0.0040871031887672292 0.013608414566213995 0.060072251148531985 0.045248649986966427 0.029091782180831957
leaf_weight=16.008428864181045 3.9886125922203126 9.5207414627075249 4.3578983694314948 7.389292746782302 6.303541734814643 9.6740357875823957 9.2391026020050031 3.7701523005962372 3.3194797560572615
leaf_count=88 19 47 22 37 30 47 52 22 20
internal_value=-0.0029968 -0.0208215 0.0021943 0.026207 -0.044169 -0.01168 0.0400638 0.0129364 0.0546331
internal_weight=73.5713 45.8646 23.5527 27.7066 22.312 19.1948 20.3173 7.75876 12.5586
internal_count=384 234 116 150 118 94 113 41 72
is_linear=0
shrinkage=0.05


Tree=28
num_leaves=10
num_cat=0
split_feature=61 84 85 36 44 18 51 55 55
split_gain=15.5459 7.90319 7.04862 5.33227 4.60663 4.13241 2.54116 2.16129 0.682992
threshold=34.773222691836629 2.4894142716748484 15.562014152814974 0.24688014493576235 0.58633889657066451 12.677363249450178 3.7448149146491203 0.4188680307183254 0.3384433090519024
decision_type=10 10 10 2 2 8 8 10 10
left_child=1 6 4 -3 8 -5 7 -1 -2
right_child=2 3 -4 5 -6 -7 -8 -9 -10
leaf_value=-0.053032052323455287 0.022611497264411546 -0.037513567688034953 -0.01675211856145193 0.041933309988148558 -0.0041083129411139388 -0.014443701313669647 0.00022126089183616344 -0.014591805296537206 0.054967982846509889
leaf_weight=15.022788174450403 4.0810173600912192 4.0020201206207302 6.6560363918542853 8.3281998783349955 4.7964859306812277 4.360956385731698 3.9589397758245459 5.9897059500217429 15.197951607406138
leaf_count=88 19 20 34 38 26 20 17 27 95
internal_value=0.000390489 -0.0193268 0.0268878 0.00712709 0.0391396 0.0229182 -0.0366024 -0.0432352 0.0495715
internal_weight=72.3941 41.6626 30.7315 16.6912 24.0755 12.6892 24.9714 21.0125 19.279
internal_count=384 210 174 78 140 58 132 115 114
is_linear=0
shrinkage=0.05


Tree=29
num_leaves=9
num_cat=0
split_feature=61 89 84 13 92 42 58 73
split_gain=14.6675 8.47854 6.01338 4.94818 3.9875 3.45138 2.99562 0.214544
threshold=31.907185968574769 1.7500000000000002 5.259546686552901 0.056894607122502765 0.29706583916506574 0.70849694975528177 1.2426610606883859 0.91659515655603119
decision_type=10 10 10 10 2 2 2 8
left_child=2 5 3 -1 -5 6 -2 -7
right_child=1 -3 -4 4 -6 7 -8 -9
leaf_value=-0.056030168651504134 -0.0075127776098915348 -0.026826313721421476 0.019559554732220614 0.00077509039084098152 -0.041863197108436036 0.060762840145492381 0.033054949823589051 0.026704984748360583
leaf_weight=11.716393530368803 6.9431544095277848 6.6665547490119925 6.386786773800849 14.093875318765642 7.9382933080196372 7.7218421101570103 10.67879708856344 3.0986440926790246
leaf_count=66 36 35 29 72 38 47 60 20
internal_value=-0.00223474 0.0210507 -0.0226206 -0.0309362 -0.0157383 0.0328025 0.0175259 0.0540941
internal_weight=75.2443 35.109 40.1353 33.7486 22.0322 28.4424 17.622 10.8205
internal_count=403 198 205 176 110 163 96 67
is_linear=0
shrinkage=0.05


Tree=30
num_leaves=10
num_cat=0
split_feature=36 76 53 85 10 87 63 39 61
split_gain=12.8479 8.56913 9.10247 6.62338 3.85693 3.72481 3.4176 2.4154 1.63093
threshold=0.38613418102746733 2.9166666666666674 1.3504694142800786 18.705514009606212 0.043655080284100756 0.90233936684411864 4.3389873120004223 0.58092184822459747 28.396039613402468
decision_type=2 2 10 10 8 10 8 2 10
left_child=1 6 4 5 -3 -2 8 -7 -1
right_child=3 2 -4 -5 -6 7 -8 -9 -10
leaf_value=-0.05762114993553015 -0.0022129255723783874 0.0081936186488246656 0.044662459908234975 -0.019365370823061452 -0.048467630873596276 0.05245899846853528 0.0012638369733015931 0.0045297175540156926 -0.016288983210552652
leaf_weight=13.316473968327051 5.2793147414922776 5.0310981422662744 7.5339261144399634 6.5871799141168585 5.6359886378049859 15.591796435415747 4.010382428765296 3.3614651784300795 4.0623839646577826
leaf_count=77 24 25 37 34 28 95 19 20 21
internal_value=-0.000879533 -0.0195152 0.00567324 0.0229204 -0.0233318 0.0347269 -0.0402452 0.0446115 -0.0493716
internal_weight=70.41 39.5903 18.201 30.8198 10.6671 24.2326 21.3892 18.9533 17.3789
internal_count=380 207 90 173 53 139 117 115 98
is_linear=0
shrinkage=0.05


Tree=31
num_leaves=8
num_cat=0
split_feature=53 61 24 58 55 95 26
split_gain=15.7442 8.59515 6.69131 6.53701 6.25944 5.36568 3.68843
threshold=0.99432439464538369 17.416513026717279 12.81219880470954 1.5439683189788307 0.43578392441832065 0.49969174359694329 0.73687633373855232
decision_type=8 10 8 2 10 2 10
left_child=4 -2 6 -4 5 -1 -3
right_child=1 2 3 -5 -6 -7 -8
leaf_value=-0.058891118235929477 -0.034615647615755356 -0.0061107931347462556 -0.027322175197896859 0.036182152839457866 0.013792785132210673 0.00027022751349792924 0.048210586668343249
leaf_weight=13.921686284244066 5.8382243216037741 3.362740725278857 8.6814697086811048 5.970179170370101 5.6659342795610419 5.1448900103569022 22.467091538012028
leaf_count=84 30 18 43 35 26 25 129
internal_value=0.000978702 0.0180827 0.0263342 -0.000787312 -0.0305121 -0.0437092 0.0411744
internal_weight=71.0522 46.3197 40.4815 14.6516 24.7325 19.0666 25.8298
internal_count=390 255 225 78 135 109 147
is_linear=0
shrinkage=0.05


Tree=32
num_leaves=11
num_cat=0
split_feature=55 59 86 66 36 51 41 31 27 12
split_gain=14.298 8.03099 9.04837 5.5368 4.37721 3.95078 3.66196 5.1853 0.956093 0.120898
threshold=0.49014015324833043 0.4793890746049444 0.26699313504293559 12.113162588986038 0.38438075482189743 1.8288327953596666 0.43245767782439909 0.23750000000000002 0.92416853525809273 0.172466066264469
decision_type=10 2 8 8 2 8 2 10 8 10
left_child=1 6 3 -3 -2 -4 9 -8 -6 -1
right_child=4 2 5 -5 8 -7 7 -9 -10 -11
leaf_value=-0.028788358524317867 -0.0029401131394918676 0.014464853717547414 -0.0023749964259734374 -0.044420919346564475 0.055753919409386066 0.056603553449156102 -0.041435255332541505 0.022421794227993685 0.016313734036628329 -0.06428926905293357
leaf_weight=2.9151862338185328 5.4469846040010479 6.0102421343326577 4.2916135862469647 8.9682424142956734 10.874268807470795 6.9645868986845025 6.5464041680097562 4.6522580310702324 2.9775923490524301 7.2681110128760338
leaf_count=19 27 33 23 44 72 40 35 24 18 38
internal_value=-0.000373766 -0.0150845 0.00355649 -0.021366 0.0348774 0.0357579 -0.0370931 -0.0152438 0.0489451 -0.0576094
internal_weight=66.9155 47.6166 26.2347 14.9785 19.2988 11.2562 21.382 11.1987 13.8519 10.1833
internal_count=373 256 140 77 117 63 116 59 90 57
is_linear=0
shrinkage=0.05


Tree=33
num_leaves=12
num_cat=0
split_feature=55 61 68 15 60 40 24 24 30 36 31
split_gain=12.6006 7.07878 8.50059 7.07603 6.64228 5.60553 2.60702 1.69032 1.73551 1.44817 0.265461
threshold=0.43578392441832065 25.334090469326188 0.26060360752154982 19.488437826252639 0.62617829601726049 0.90071546601633778 10.905047876633683 2.0692925261518469 2.2083333333333339 0.65777525906842704 0.3541666666666668
decision_type=10 8 2 10 2 2 8 8 10 2 10
left_child=1 7 3 -3 5 -2 -7 -1 -9 -6 -4
right_child=4 2 10 -5 9 6 -8 8 -10 -11 -12
leaf_value=-0.0044497506624628395 -0.03918004355654775 0.017809986931485975 0.023028797279136929 -0.049410469034598933 0.060565525145660305 0.046278279069507856 -0.0047621769791097984 -0.054647893422497075 -0.011950903192746465 0.016784786071163047 0.05399161515314739
leaf_weight=3.2212465107440975 4.5126145035028484 6.3153921887278575 3.9317625612020484 7.8240610212087631 9.4023590236902219 4.5904733836650822 4.2210199832916269 11.608594879508017 3.756811559200286 3.5021016225218764 3.5459803640842438
leaf_count=20 20 30 20 39 60 29 23 72 19 23 21
internal_value=0.000179429 -0.0172644 0.00235677 -0.0201932 0.0265699 0.00124752 0.0238347 -0.0390401 -0.0455767 0.0507457 0.0423482
internal_weight=66.4324 40.2038 21.6172 14.1395 26.2286 13.3241 8.81149 18.5867 15.3654 12.9045 7.47774
internal_count=376 221 110 69 155 72 52 111 91 83 41
is_linear=0
shrinkage=0.05


Tree=34
num_leaves=11
num_cat=0
split_feature=57 76 54 97 41 31 93 18 16 59
split_gain=12.0567 9.57485 5.59094 5.06168 4.33931 7.60037 4.00192 2.37267 1.85543 0.792201
threshold=0.16283503230474469 2.2833333333333341 2.218574988026202 0.16033599872165258 0.37054233025469879 0.31666666666666676 0.49973865659084221 8.6287736066917713 15.276145571687694 0.56621693996779643
decision_type=10 2 8 2 2 8 2 10 10 2
left_child=4 2 -2 8 9 -6 -5 -4 -3 -1
right_child=1 3 7 6 5 -7 -8 -9 -10 -11
leaf_value=-0.060130755049794704 -0.044306757188611962 0.010457231464159104 -0.01087792216332608 -0.031334883573733152 -0.038879346312233595 0.03441422039959003 0.032426903611410055 0.040558972419958476 0.052311612542194297 -0.027408592660555311
leaf_weight=6.213383227586748 7.3938528895378086 3.8109305500984254 4.0684866607189187 4.2372631281614295 6.5952108874917004 5.6354988813400277 3.6438804790377617 3.2399418205022812 16.292998492717743 6.689838781952858
leaf_count=40 39 20 21 21 35 28 24 21 100 38
internal_value=-0.000364933 0.0157103 -0.0162442 0.0324792 -0.0272234 -0.00505954 -0.00152259 0.014062 0.0452491 -0.0463572
internal_weight=67.8213 42.6874 14.7023 27.9851 25.1339 12.2307 7.88114 7.30843 20.1039 12.9032
internal_count=387 246 81 165 141 63 45 42 120 78
is_linear=0
shrinkage=0.05


Tree=35
num_leaves=9
num_cat=0
split_feature=57 76 34 84 13 6 89 32
split_gain=15.2255 10.6669 5.33915 4.28152 4.27959 7.8381 3.96534 1.94515
threshold=0.15278079678963644 2.2833333333333341 0.51151924001144655 2.3331047951731976 0.13952429865164417 8.3232261666006853 1.6416666666666668 0.99166666666666703
decision_type=10 2 2 8 8 8 10 8
left_child=4 2 7 -3 5 -1 -5 -2
right_child=1 3 -4 6 -6 -7 -8 -9
leaf_value=-0.049520415173968199 -0.014261350030596288 -1.9708865808299911e-05 0.022221541105022558 0.05218860758739962 -0.053425219007243854 0.030083547494401078 -0.0010069244094171078 -0.058821244598587133
leaf_weight=4.9877150952816018 6.1413238495588276 7.6013983264565494 5.0996373593807212 19.124589107930664 11.456671252846716 5.445068560540677 4.1963199079036704 4.347017541527749
leaf_count=31 34 38 33 120 66 27 23 23
internal_value=-5.86651e-05 0.0160818 -0.0169291 0.0327317 -0.033558 -0.00897626 0.0429689 -0.0362422
internal_weight=68.3997 46.5103 15.588 30.9223 21.8895 10.4328 23.3209 10.4883
internal_count=395 271 90 181 124 58 143 57
is_linear=0
shrinkage=0.05


Tree=36
num_leaves=11
num_cat=0
split_feature=61 89 53 1 60 16 23 73 97 26
split_gain=11.6591 7.76693 4.88924 4.66959 4.32844 3.9097 2.57384 2.54916 2.47184 1.08671
threshold=31.907185968574769 1.5083333333333335 0.75886623624584082 6.3384319861099296 0.46852052451310749 71.626870320082617 0.19698726905116296 0.29699343083568064 0.35817979089945873 4.0606916443830201
decision_type=10 10 8 8 2 8 8 8 2 10
left_child=2 5 9 4 -4 -2 -3 -5 -7 -1
right_child=1 6 3 7 -6 8 -8 -9 -10 -11
leaf_value=-0.055049930789658336 0.00040469944664509776 -0.038899731690427 -0.019742667179771453 -0.04864033053374428 0.038049114223227792 0.056095387788460772 0.011838586264042905 -0.0022127936689400104 0.0048783394146528422 -0.012127439776919937
leaf_weight=7.5173785835504514 5.5603225082159105 4.558173626661298 4.5399701595306414 5.5346818268299076 7.2268674895167351 14.843272365629675 3.8797883018851289 5.5819135159254083 3.0043429210782042 2.6042097061872482
leaf_count=54 32 24 24 28 35 100 23 26 17 16
internal_value=0.00168759 0.0229095 -0.0188605 -0.00539128 0.0159516 0.0373208 -0.0167877 -0.0274346 0.0481901 -0.0460897
internal_weight=64.8509 31.8459 33.005 22.8834 11.7668 23.4079 8.43796 11.1166 17.8476 10.1216
internal_count=379 196 183 113 59 149 47 54 117 70
is_linear=0
shrinkage=0.05


Tree=37
num_leaves=12
num_cat=0
split_feature=61 87 31 61 73 55 90 40 13 47 66
split_gain=8.07379 6.55372 5.64739 5.64645 4.90193 4.51141 4.32707 3.06315 1.71328 0.527047 0.517359
threshold=34.773222691836629 2.5514536963827132 0.016666666666666639 69.10378763368611 0.21719661584668773 0.3229533234352619 0.37462469055106457 0.98095778160287328 0.24202067209893399 2.9149546151832824 27.460538045630688
decision_type=8 8 10 8 10 10 2 2 10 10 10
left_child=2 3 9 5 7 -2 -6 -4 10 -1 -3
right_child=1 8 4 -5 6 -7 -8 -9 -10 -11 -12
leaf_value=-0.021897841474428997 -0.016245459769249997 0.058639948569620161 -0.044904178593119556 -0.035016299628273219 0.037114277588402661 0.050469490575940162 -0.015009784301866058 0.0057338869306015434 0.010050539923910896 -0.057511624886637649 0.021477325495738359
leaf_weight=3.408408507704733 3.868856705725193 7.6872751489281637 7.2179055064916628 7.0137278512120256 8.2544558346271497 4.7259162738919258 6.236670956015586 4.3688517063856125 3.9651766940951338 5.8361986801028252 2.8870655298233032
leaf_count=26 20 57 42 38 44 30 30 21 27 35 17
internal_value=-0.000315837 0.0183666 -0.0163281 -0.00425829 -0.00381796 0.0218752 0.0151604 -0.0268722 0.041366 -0.0478003 0.0512258
internal_weight=65.4705 30.148 35.3225 15.6085 26.0779 8.59477 14.4911 11.5868 14.5395 9.24461 10.5743
internal_count=387 189 198 88 137 50 74 63 101 61 74
is_linear=0
shrinkage=0.05


Tree=38
num_leaves=9
num_cat=0
split_feature=55 63 30 15 36 40 36 95
split_gain=10.8559 7.59502 5.75576 5.02564 4.26082 3.82956 2.36869 2.03131
threshold=0.49014015324833043 3.4909553304158178 1.0666666666666671 25.771344122448284 0.37719006198218596 0.98871384775548121 0.63032558757695878 0.49966649810715935
decision_type=10 10 10 8 2 2 2 2
left_child=1 5 -3 -4 -2 7 -6 -1
right_child=4 2 3 -5 6 -7 -8 -9
leaf_value=-0.049681687918837002 -0.011208862679339054 -0.023911831357674811 0.057276729527070351 -0.011949184920058246 0.05446402182917176 0.0017758584082464943 0.0085035044926573371 -0.0048216041724893901
leaf_weight=17.965187184512622 4.9427930489182499 7.195852234959605 5.9389196261763546 3.7396602928638467 8.9097696766257268 5.833199977874755 4.4994669407606116 3.1749699264764777
leaf_count=115 25 38 33 22 63 30 33 17
internal_value=-0.00451763 -0.0179583 0.00810239 0.0319147 0.0268643 -0.0339687 0.0407024 -0.0434664
internal_weight=62.1998 43.8478 16.8744 9.67858 18.352 26.9734 13.4092 21.1402
internal_count=376 255 93 55 121 162 96 132
is_linear=0
shrinkage=0.05


Tree=39
num_leaves=11
num_cat=0
split_feature=61 81 30 60 55 84 31 58 64 86
split_gain=8.94602 6.17963 5.59013 7.64972 4.49219 3.20958 2.55616 2.34104 3.60181 1.2131
threshold=34.773222691836629 1.1253405894466708 1.0666666666666671 0.63485007833267104 0.42914846272517687 2.7194380185665517 0.22500000000000006 1.1805222412635252 13.041848418785712 0.3133247551244811
decision_type=10 8 10 2 8 10 10 2 10 8
left_child=2 4 6 5 -2 -4 -1 8 -3 -9
right_child=1 7 3 -5 -6 -7 -8 9 -10 -11
leaf_value=-0.055280925590374598 -0.045640039541134131 0.036840215703094994 -0.035520558344494899 0.039616010217919696 0.021761874690448862 0.0080794302608313481 -0.0030064612927411497 0.018212545096949358 -0.031325648183244709 0.054651106991988101
leaf_weight=9.6722646728157979 4.5116661116480836 3.1428833901882198 11.171971336007124 6.4005307257175437 3.6604017689824113 5.9771840199828139 3.1479830592870703 4.7656030058860752 2.6616340354084969 9.0038949549198151
leaf_count=67 23 24 60 32 21 29 19 30 16 70
internal_value=-0.00223799 0.0187684 -0.0183369 -0.00337292 -0.0163686 -0.0207163 -0.0435914 0.0335205 0.00557301 0.0441268
internal_weight=64.116 27.7461 36.3699 23.5497 8.17207 17.1492 12.8202 19.574 5.80452 13.7695
internal_count=391 184 207 121 44 89 86 140 40 100
is_linear=0
shrinkage=0.05


Tree=40
num_leaves=9
num_cat=0
split_feature=55 36 77 61 13 18 30 12
split_gain=7.38265 4.77307 4.31756 4.64891 5.18956 4.17305 3.78904 3.02839
threshold=0.48288180586186619 0.38438075482189743 1.5416666666666672 30.352469392581934 0.13670662480594645 6.0907081510333922 1.1250000000000002 0.30276329320794221
decision_type=10 2 2 8 10 10 10 8
left_child=2 -2 3 5 -5 -1 -4 -3
right_child=1 7 6 4 -6 -7 -8 -9
leaf_value=-0.043049309488192092 -0.013244193371489103 0.0017023475129583658 -0.051689940743239376 0.047782317350274689 -0.012524915908825544 0.0023923238046155795 0.0076284128231775914 0.055113614052643867
leaf_weight=8.1939784660935455 5.4735153093934086 3.7552488148212406 9.3515244573354703 6.4874116554856283 6.1813658401370049 10.995719179511068 3.3223896771669379 8.6190515756607056
leaf_count=54 27 26 64 35 36 57 16 69
internal_value=-0.00234891 0.024008 -0.0132076 -0.00302135 0.0195936 -0.0181824 -0.0367193 0.040244
internal_weight=62.3802 17.8478 44.5324 31.8585 12.6688 19.1897 12.6739 12.3743
internal_count=384 122 262 182 71 111 80 95
is_linear=0
shrinkage=0.05


Tree=41
num_leaves=10
num_cat=0
split_feature=54 92 49 6 19 15 1 5 16
split_gain=6.98419 5.56108 7.41958 4.48471 4.72539 4.33824 3.96347 3.1015 2.76811
threshold=1.857790297301249 0.27050641690684213 15.940645489949215 16.63336199323297 5.2800293075109526 6.9630467362283124 3.8362682544764914 0.27299669833700974 323.59869139697054
decision_type=8 2 8 8 10 10 10 8 10
left_child=1 2 7 5 6 -2 -5 -1 -7
right_child=3 -3 -4 4 -6 8 -8 -9 -10
leaf_value=0.015831295947763627 -0.016145330977360119 -0.052964356908454337 0.051635518087139232 0.010147669222467707 0.03175015158373317 0.048384215669513203 -0.051071816516248092 -0.03231489481673018 -0.0049742593897393094
leaf_weight=3.8755619972944304 3.7916379943490055 7.6251197010278693 3.6540039256215087 4.0034047886729223 4.2195172980427733 13.361623302102091 5.4449761435389519 11.489780120551586 2.7145242244005194
leaf_count=23 23 43 18 21 29 92 31 75 20
internal_value=-0.000924458 -0.0196398 -0.00430122 0.0140832 -0.00768094 0.0287063 -0.0266437 -0.0199458 0.0396107
internal_weight=60.1801 26.6445 19.0193 33.5357 13.6679 19.8678 9.44838 15.3653 16.0761
internal_count=375 159 116 216 81 135 52 98 112
is_linear=0
shrinkage=0.05


Tree=42
num_leaves=10
num_cat=0
split_feature=72 92 18 40 80 63 76 24 90
split_gain=8.80912 5.98529 5.41001 5.22684 4.99778 3.92377 2.74106 2.54817 3.48737
threshold=2.3507596514044571 0.27467469548425666 4.2664735754411103 0.88752342548240215 1.0868655242578 7.3216252070945993 2.6500000000000008 1.7910611549368507 0.30967657288690081
decision_type=2 2 8 2 8 10 2 10 2
left_child=5 2 -2 -3 -5 7 -4 -1 -9
right_child=1 3 6 4 -6 -7 -8 8 -10
leaf_value=-0.058851940121751871 -0.018927673737009876 -0.03904071450167193 0.016942514276376726 -0.034431629185743821 0.022270383159774379 0.017355856718083356 0.064263142115794605 0.013153894978040063 -0.047605192720941242
leaf_weight=7.0750431120395678 3.3432921618223217 6.3799111768603352 5.9710421189665785 4.0678215697407749 16.2054508253932 3.2608720138669005 8.274758115410803 4.3760455176234245 3.4101766794919968
leaf_count=50 22 37 36 23 109 18 50 28 21
internal_value=0.000188955 0.0122117 0.0339943 -0.00287267 0.00980943 -0.0282663 0.0468412 -0.0387399 -0.0158466
internal_weight=62.3644 44.2423 17.5891 26.6532 20.2733 18.1221 14.2458 14.8613 7.78622
internal_count=394 277 108 169 132 117 86 99 49
is_linear=0
shrinkage=0.05


Tree=43
num_leaves=9
num_cat=0
split_feature=49 84 89 40 37 41 63 14
split_gain=7.69092 6.34774 6.85308 6.71256 5.17329 4.5003 3.30793 0.487984
threshold=2.3784084079395029 2.6960964704741941 1.5083333333333335 0.97971836330140871 0.099786683677328097 0.38904629397505325 1.7397776285598312 0.18912895109554365
decision_type=8 8 10 2 2 2 10 10
left_child=7 3 5 4 -2 -3 -5 -1
right_child=1 2 -4 6 -6 -7 -8 -9
leaf_value=-0.054830320060990624 -0.057882244216360138 0.010475590058604607 -0.024654654908521208 0.047356754290577896 0.005682179709362958 0.049813251831413788 -0.011518951230620349 -0.016852228235085639
leaf_weight=4.2852138206362715 7.8364944159984606 15.125031940639021 6.0815166831016532 4.1266813054680815 4.7594276741147041 14.323381371796129 3.870045118033886 2.45101048797369
leaf_count=33 52 84 34 21 28 107 22 16
internal_value=0.00184191 0.00815036 0.0207401 -0.0135261 -0.0352128 0.0306166 0.0207503 -0.0449764
internal_weight=62.8588 56.1226 35.5299 20.5926 12.5959 29.4484 7.99673 6.73622
internal_count=397 348 225 123 80 191 43 49
is_linear=0
shrinkage=0.05


Tree=44
num_leaves=10
num_cat=0
split_feature=57 89 31 41 94 71 69 64 11
split_gain=7.58491 6.17101 4.52232 3.77138 3.46475 3.73803 2.99923 1.71736 1.70009
threshold=0.15278079678963644 1.0000000180025095e-35 0.43750000000000017 0.40360215739928579 0.46111722609511108 1.4973696322895684 0.6284908794543228 3.524945017915591 0.11766806495271188
decision_type=10 10 8 2 2 2 2 10 10
left_child=2 6 7 -4 5 -3 -2 -1 -6
right_child=1 4 3 -5 8 -7 -8 -9 -10
leaf_value=-0.014648323277614689 0.0070657177713887593 -0.014212044775127108 -0.028355798454667788 0.032597528343397429 0.058012715417961928 0.02576191378974629 -0.051175135688864851 -0.06027128547841773 0.011116437167216818
leaf_weight=4.0385368317365664 3.6613379940390578 8.6273355260491389 3.9362729042768461 4.2342289164662361 6.9937830418348295 14.361619770526884 3.8620057478547096 6.191248930990696 3.2878545820713043
leaf_count=30 21 48 29 22 46 103 22 36 25
internal_value=0.00129362 0.0132663 -0.0245657 0.00334234 0.0224778 0.0107933 -0.0253279 -0.0451684 0.0453309
internal_weight=59.1942 40.7939 18.4003 8.1705 33.2706 22.989 7.52334 10.2298 10.2816
internal_count=382 265 117 51 222 151 43 66 71
is_linear=0
shrinkage=0.05


Tree=45
num_leaves=10
num_cat=0
split_feature=55 95 69 53 64 56 40 67 16
split_gain=7.43488 6.68971 5.70638 4.63975 4.4143 4.20179 2.6874 1.08667 0.933074
threshold=0.42914846272517687 0.49967865393723876 0.73591546827413035 0.99432439464538369 10.228064788849965 0.095024746584199293 0.8284286254408445 1.8653751212815244 188.22503691728411
decision_type=10 2 2 8 10 8 2 2 10
left_child=1 3 6 7 -4 -5 -2 -1 -8
right_child=2 -3 4 5 -6 -7 8 -9 -10
leaf_value=-0.05470129903922414 0.0086450702153083887 0.032488841039595429 -0.046285325344144146 -0.037926440674600659 0.024904733779181596 0.012295865438299771 0.062433348409243861 -0.013748173906952689 0.025603892182861777
leaf_weight=7.6004381775856036 5.7568739056587281 6.4524414762854567 3.4790983051061621 5.1425171419978168 3.3452970907092094 11.993346728384493 7.765340179204939 3.026739776134491 4.8734838217496872
leaf_count=62 33 37 19 29 28 69 55 20 36
internal_value=0.00496488 -0.0101346 0.0250552 -0.0208259 -0.0126653 -0.00403617 0.0389802 -0.045223 0.0511506
internal_weight=59.4356 34.2155 25.2201 27.763 6.8244 17.1359 18.3957 10.6272 12.6388
internal_count=388 217 171 180 47 98 124 82 91
is_linear=0
shrinkage=0.05


Tree=46
num_leaves=12
num_cat=0
split_feature=57 32 31 32 30 86 90 84 81 15 6
split_gain=6.20303 5.45825 6.23981 4.89067 4.04409 3.41305 3.15828 2.46826 2.13335 1.79544 2.65265
threshold=0.15278079678963644 0.65000000000000002 0.83750000000000024 0.33333333333333331 1.1083333333333336 0.37724380586237466 0.27799118811516638 3.2135072321703606 0.96522495652831664 17.21900646494208 8.3232261666006853
decision_type=10 10 10 8 10 8 2 10 10 8 8
left_child=5 3 8 4 -2 9 -5 -4 -3 10 -1
right_child=1 2 7 6 -6 -7 -8 -9 -10 -11 -12
leaf_value=-0.039205089491063813 -0.0087103617657988807 0.0090614337482683802 -0.038144135699924274 0.0044149314521414792 0.057697490092885197 0.012903688321966462 -0.049925745709634421 0.017172364754868216 0.05418299201872892 -0.055704830837611435 0.012018649288195845
leaf_weight=4.8769217208027831 5.2426060214638728 3.9553661197423962 3.3807558417320243 3.8916872218251211 2.795243576169014 4.1712699718773356 6.5985560938715935 2.9248457401990891 10.816136855632065 5.7419858798384675 3.7864420488476762
leaf_count=35 37 21 20 24 19 29 35 20 85 34 21
internal_value=-0.00151132 0.00966055 0.0265177 -0.00989172 0.0182124 -0.0246065 -0.0311366 -0.0136472 0.0434414 -0.0356006 -0.0178901
internal_weight=58.1818 39.6052 21.0771 18.5281 8.03785 18.5766 10.4902 6.3056 14.7715 14.4053 8.66336
internal_count=380 261 146 115 56 119 59 40 106 90 56
is_linear=0
shrinkage=0.05


Tree=47
num_leaves=10
num_cat=0
split_feature=76 64 57 28 31 80 40 82 19
split_gain=6.16328 5.47775 4.65788 3.98926 3.52505 2.94718 1.88031 1.5266 3.00599
threshold=2.7500000000000009 10.732125491360462 0.15278079678963644 1.0000000180025095e-35 0.36666666666666681 0.73730569657585898 0.98705817402237706 0.11641590813416054 2.4291807696475307
decision_type=2 8 10 8 8 10 2 10 10
left_child=1 7 4 -3 -2 -4 -7 -1 -9
right_child=2 3 5 -5 -6 6 -8 8 -10
leaf_value=-0.048787071963353766 -0.038086732533771241 0.040258626149041077 -0.0088168647333086211 -0.017621270794223497 0.015611537032795636 0.049935783910949813 0.009990727419324965 0.016942654027767869 -0.036895957005727537
leaf_weight=7.7452156729996267 4.8027058541774759 4.9526289291679833 3.5816261470317867 5.1131040528416642 5.6106371954083452 10.762096446007488 4.722012184560298 3.5026775300502759 5.6141549497842789
leaf_count=64 31 41 21 28 29 75 35 21 33
internal_value=0.00041527 -0.0165598 0.0159558 0.0119218 -0.0103216 0.0301071 0.0390993 -0.0332774 -0.0165811
internal_weight=56.4069 26.9278 29.4791 10.0657 10.4133 19.0657 15.4841 16.862 9.11683
internal_count=378 187 191 69 60 131 110 118 54
is_linear=0
shrinkage=0.05


Tree=48
num_leaves=10
num_cat=0
split_feature=49 55 97 84 76 83 40 91 62
split_gain=5.13131 6.37746 5.4286 4.72311 4.449 3.01267 4.22428 2.5371 1.24519
threshold=16.838030679733809 0.29929388940994223 0.3252639153423536 2.0135083603812722 2.2833333333333341 0.46695596069180795 0.97971836330140871 0.19983339497022873 248.05501119689868
decision_type=8 10 2 8 2 8 2 2 10
left_child=1 7 5 -3 -5 6 -2 -1 -7
right_child=2 3 -4 4 -6 8 -8 -9 -10
leaf_value=-0.053796448545115949 -0.023644410827648898 -0.038605995587744496 -0.031338876239533867 -0.014701245077825904 0.032964969158398603 0.059544593823294495 0.035801839205200629 0.0010569525593314283 0.0175631112386864
leaf_weight=8.4300667569041234 4.8691831417381817 4.3691225871443775 3.852293223142623 7.3797354325652149 11.282654765993355 6.0332840196788293 5.147555835545063 2.6659157425165168 3.8714846894145012
leaf_count=66 31 32 21 45 76 35 29 17 34
internal_value=7.814e-05 -0.0122128 0.0175027 0.00309695 0.0143271 0.0279938 0.00738153 -0.0416196 0.0462506
internal_weight=57.9013 34.1275 23.7738 23.0315 18.6624 19.9215 10.0167 11.096 9.90477
internal_count=386 236 150 153 121 129 60 83 69
is_linear=0
shrinkage=0.05


Tree=49
num_leaves=10
num_cat=0
split_feature=54 76 90 62 1 81 69 91 14
split_gain=4.6772 6.79944 5.08774 3.58316 3.8542 3.37807 3.30025 2.86195 2.1097
threshold=2.7155214000721499 2.2833333333333341 0.37088784646042156 86.302071876343007 5.1846009894006722 2.1402024401278372 0.40003556724096506 0.096521791404448762 0.11804369419022818
decision_type=8 2 2 8 10 8 2 2 8
left_child=1 8 7 -2 -5 -6 -4 -3 -1
right_child=3 2 6 4 5 -7 -8 -9 -10
leaf_value=-0.0074840219605158383 -0.022165078468794654 -0.0085663609809425584 -0.043886589972853558 0.052620647855083413 0.034393196388002326 -0.020420078503006721 0.017430084055843953 0.034423822169199862 -0.055938272648003586
leaf_weight=3.5202723518013928 3.7450696602463749 5.3828150704503086 6.0186737328767759 7.2278770804405239 4.1938129588961575 5.1639414951205262 2.5424626618623734 10.277562998235224 7.5180315896868715
leaf_count=25 21 33 37 58 30 37 19 64 54
internal_value=-0.00075118 -0.0116673 0.00345971 0.0178402 0.0276203 0.00509412 -0.0257585 0.0200199 -0.0423908
internal_weight=55.5905 35.2598 24.2215 20.3307 16.5856 9.35775 8.56114 15.6604 11.0383
internal_count=378 232 153 146 125 67 56 97 79
is_linear=0
shrinkage=0.05


Tree=50
num_leaves=7
num_cat=0
split_feature=53 61 92 51 69 65
split_gain=4.80875 3.94603 3.93141 4.90683 3.03885 2.71498
threshold=0.67062702193347346 16.57062250887644 0.27467469548425666 2.3758821401113388 0.66434032584173086 4.6307533613263114
decision_type=8 8 2 10 2 10
left_child=5 -2 4 -4 -3 -1
right_child=1 2 3 -5 -6 -7
leaf_value=-0.00011528893261536472 -0.035304103782852793 0.035430195919487255 -0.033661179679006344 0.01376101498827857 -0.012807128745893051 -0.047558657716909897
leaf_weight=5.0287300385534746 4.1468683481216422 16.254328787326816 7.5750722289085415 14.032842021435497 3.4816096648573867 6.5503394268453121
leaf_count=38 29 100 44 106 20 50
internal_value=-0.00119403 0.00624732 0.0111503 -0.00361731 0.0267134 -0.0286014
internal_weight=57.0698 45.4907 41.3439 21.6079 19.7359 11.5791
internal_count=387 299 270 150 120 88
is_linear=0
shrinkage=0.05


Tree=51
num_leaves=11
num_cat=0
split_feature=89 65 62 58 12 85 44 59 73 71
split_gain=6.32624 7.09893 4.10534 4.18929 4.06961 3.75325 2.29363 1.88409 1.3606 0.771996
threshold=1.5083333333333335 3.270446657648522 91.34971022700536 1.2528183089108877 0.35409353932147208 4.8146399933805659 0.5262646014828728 0.5476187750348861 0.1896592823187612 1.9421408141133432
decision_type=8 10 10 2 10 10 2 2 8 2
left_child=1 8 3 7 5 -3 -6 -2 -1 -4
right_child=2 4 9 -5 6 -7 -8 -9 -10 -11
leaf_value=-0.039767692817699471 -0.044641348188707262 0.035832088387378801 -0.057973007749697839 0.04353278771196549 0.04861806710397281 -0.020996965543215149 0.01202671965224243 0.0080163208929328877 -0.00095273995990368299 -0.018493307615553633
leaf_weight=5.5419001430273029 3.0214598588645476 3.3695263192057627 5.5465507060289365 2.6685653626918793 11.684566531330349 7.6825004257261753 7.733272671699523 2.4888119176030159 3.5240550711750993 3.1235319897532463
leaf_count=32 29 19 37 16 92 54 50 15 22 21
internal_value=-0.000280663 0.0106456 -0.0250791 0.000887577 0.0221162 -0.00213548 0.0353481 -0.0232795 -0.0262734 -0.0471331
internal_weight=56.3847 39.5358 16.8489 8.17884 30.4699 11.052 19.4178 5.51027 9.06596 8.67008
internal_count=387 269 118 60 215 73 142 44 54 58
is_linear=0
shrinkage=0.05


Tree=52
num_leaves=10
num_cat=0
split_feature=57 14 45 41 87 94 77 30 14
split_gain=7.18707 4.5902 6.21266 3.34908 3.42871 3.29463 3.15901 3.02187 0.0658691
threshold=0.15278079678963644 0.093454609356598564 0.99922055711801006 0.40360215739928579 2.2509028743738648 0.45718389011503591 0.70833333333333337 1.1083333333333336 0.30698236439919763
decision_type=10 10 2 2 10 2 2 10 10
left_child=3 6 7 8 -5 -4 -2 -3 -1
right_child=1 2 5 4 -6 -7 -8 -9 -10
leaf_value=-0.052618887049586685 -0.043279046641999323 0.0082401366960081178 -0.035663410664909329 0.027743061566365659 -0.028689390025100993 0.01966265416921327 0.013814448559916901 0.048098579305061194 -0.020983122401201811
leaf_weight=6.091682970523836 4.7038043439388257 7.7532391175627735 5.3736341744661349 3.8439376577734929 5.0812841653823853 3.8103349432349205 3.5536337569355965 13.652416076511143 2.1787551045417786
leaf_count=53 28 53 31 22 30 26 24 108 16
internal_value=-0.000345739 0.0115496 0.0203917 -0.0263766 -0.00403847 -0.0130324 -0.0198704 0.0346738 -0.0474472
internal_weight=56.0427 38.8471 30.5896 17.1957 8.92522 9.18397 8.25744 21.4057 8.27044
internal_count=391 270 218 121 52 57 52 161 69
is_linear=0
shrinkage=0.05


Tree=53
num_leaves=11
num_cat=0
split_feature=89 73 32 57 73 20 65 25 73 5
split_gain=4.28125 3.99117 4.13781 4.06851 3.99689 3.41656 3.33063 2.11832 1.88562 1.39469
threshold=1.5083333333333335 0.35784912751719838 1.2583333333333335 0.15889132663127936 0.85349888373085803 8.6601119336933365 4.8812864383831025 2.4780479660114758 0.35459484777605271 4.9167176522358611
decision_type=8 8 8 10 10 10 10 10 10 10
left_child=1 2 3 -1 9 -6 7 -2 -8 -3
right_child=6 4 -4 -5 5 -7 8 -9 -10 -11
leaf_value=-0.033100063767891631 -0.019108369423525087 0.044793319643528014 -0.048585702715739358 0.023923212712567858 -0.041221969252956424 0.019969561262825938 -0.0072704319964973898 0.035090180695742983 -0.053634144373818096 0.004309572380707262
leaf_weight=3.7827368676662472 2.8382655605673781 10.213114552199842 4.19212482869625 8.0918341651558858 3.1073771081864825 4.2054904140532017 3.5945752337574941 2.4611005261540413 6.5194349959492683 2.9071881845593444
leaf_count=26 26 75 26 52 20 35 29 14 41 20
internal_value=-0.00241742 0.00695155 -0.0113124 0.00459798 0.0211704 -0.00786285 -0.0236755 0.0076369 -0.039293 0.0367634
internal_weight=51.9132 36.4999 16.0667 11.8746 20.4332 7.31287 15.4134 5.29937 10.114 13.1203
internal_count=364 254 104 78 150 55 110 40 70 95
is_linear=0
shrinkage=0.05


Tree=54
num_leaves=11
num_cat=0
split_feature=57 76 15 58 61 93 73 89 81 30
split_gain=5.04912 4.59063 4.35834 3.21346 3.08932 2.98495 2.54343 2.58648 1.6486 0.132941
threshold=0.14316837540704039 2.6500000000000008 15.811495695384529 1.2528183089108877 18.757661421313063 0.49927624171780677 0.15018270584881116 1.6416666666666668 1.1450189793561336 0.9750000000000002
decision_type=10 2 8 2 10 2 10 10 8 10
left_child=5 2 4 -4 -2 9 -3 -8 -7 -1
right_child=1 6 3 -5 -6 8 7 -9 -10 -11
leaf_value=-0.022342916699214756 -0.019243705350392413 -0.0052663665760823691 -0.052302649748937224 0.0018538039421911109 0.038018673589069185 -0.02147587942899452 0.046833704365578648 0.0027894456581150332 0.023778374146685911 -0.057100488308109092
leaf_weight=2.4495302625000459 2.9479387290775794 4.7871136441826847 5.2164191231131536 4.7784527279436588 5.415940910577774 3.2131465189158916 11.52520000562072 4.7225805893540374 2.8530044183135033 3.4143461063504219
leaf_count=27 21 28 34 37 34 24 90 29 17 22
internal_value=0.0018657 0.0105367 -0.00756611 -0.0285972 0.0179362 -0.0253671 0.0259628 0.0349358 0.00016093 -0.0479516
internal_weight=51.3237 39.3936 18.3588 9.99487 8.36388 11.93 21.0349 16.2478 6.06615 5.86388
internal_count=363 273 126 71 55 90 147 119 41 49
is_linear=0
shrinkage=0.05


Tree=55
num_leaves=9
num_cat=0
split_feature=55 32 85 95 61 84 48 31
split_gain=5.22506 4.68491 4.69563 4.30386 3.59996 3.2743 2.92844 1.01306
threshold=0.34135664812995176 1.3083333333333336 14.189165325257656 0.49972781118922432 34.773222691836629 12.570799559025001 8.2958106400820597 0.36666666666666681
decision_type=10 8 10 2 8 8 10 8
left_child=3 2 6 5 -3 7 -2 -1
right_child=1 4 -4 -5 -6 -7 -8 -9
leaf_value=-0.054758277817849282 -0.01027803604544425 -0.039044480484347985 -0.014668102397679312 0.022251862211802378 0.018059759766362225 0.0038461493009268907 0.044126250993673323 -0.018523858340116096
leaf_weight=7.6832316219806716 2.5454388409853044 5.8217878639698002 5.5356393828988066 4.0090983733534804 3.8606528602540502 4.6899494230747214 14.509847395122049 4.3368543088436136
leaf_count=61 17 34 39 25 33 36 111 28
internal_value=-0.00124975 0.0112256 0.0234025 -0.0203043 -0.0167163 -0.0311944 0.0358871 -0.0441117
internal_weight=52.9925 32.2734 22.5909 20.7191 9.68244 16.71 17.0553 12.0201
internal_count=384 234 167 150 67 125 128 89
is_linear=0
shrinkage=0.05


Tree=56
num_leaves=11
num_cat=0
split_feature=76 63 66 86 60 73 13 45 79 76
split_gain=4.57369 4.56695 2.70702 6.37079 3.93126 2.62523 2.51824 1.82523 1.68872 0.408761
threshold=2.2833333333333341 4.3389873120004223 12.286319002310234 0.3133247551244811 0.62293584347075226 0.32219630353014334 0.13952429865164417 0.4998777704459314 7.1559375842895205 2.850000000000001
decision_type=2 8 8 10 2 10 10 2 10 2
left_child=1 8 4 6 5 -2 -4 -6 -1 -5
right_child=2 -3 3 9 7 -7 -8 -9 -10 -11
leaf_value=-0.056402864611864556 -0.021012339267266048 0.013044028454484172 -0.0021061345040093936 0.0084564457486388921 0.06063591927274109 0.020772556473892076 -0.051642536796209997 0.010559464160771557 -0.014225541868488418 0.043647819415716646
leaf_weight=6.2953969687223452 6.2486408054828662 5.2497205212712279 4.4965054765343648 1.772538274526595 4.8287366256117803 6.8091553710401058 5.2612178921699524 3.3718697242438793 4.8203940689563751 2.9671617448329926
leaf_count=55 39 36 29 21 28 46 34 25 32 30
internal_value=-0.00266513 -0.0237688 0.00737796 -0.00892521 0.0183976 0.000704607 -0.0311331 0.0434314 -0.0407963 0.0342533
internal_weight=52.1213 16.3655 35.7558 14.4974 21.2584 13.0578 9.75772 8.20061 11.1158 4.7397
internal_count=375 123 252 114 138 85 63 53 87 51
is_linear=0
shrinkage=0.05


Tree=57
num_leaves=10
num_cat=0
split_feature=36 58 36 47 71 0 67 61 83
split_gain=4.87073 3.31737 4.0503 3.46698 3.11017 2.98752 2.10505 1.53621 1.37802
threshold=0.38613418102746733 0.80953503668157578 0.33298106937058769 2.5386510891896399 0.79485832202226681 22.862214887910383 2.6458226850532154 23.58671901879854 0.4183743776669035
decision_type=2 2 2 8 2 10 2 8 10
left_child=1 7 3 -3 -2 8 -7 -1 -6
right_child=4 2 -4 -5 5 6 -8 -9 -10
leaf_value=-0.047658967264033923 -0.023535223914495987 -0.028205580417279819 -0.031804731254833303 0.025141060758726064 0.0079904405548582354 -0.031527500475446328 0.023461285106041341 -0.0030028796730120367 0.045220729188687893
leaf_weight=6.4001899920403966 3.0657115243375328 3.0810052342712888 6.3044746704399577 11.940886668860912 3.8109445422887829 2.7529778778553 2.2914302013814449 2.7944656535983095 10.401299700140951
leaf_count=57 19 24 38 72 23 20 20 15 95
internal_value=0.000577087 -0.0122507 -0.000988802 0.0131221 0.0178896 0.0253209 -0.00679981 -0.0357128 0.0364191
internal_weight=52.8434 30.521 21.3264 15.0219 22.3224 19.2567 5.04441 9.19466 14.2122
internal_count=383 206 134 96 177 158 40 72 118
is_linear=0
shrinkage=0.05


end of trees

feature_importances:
Column_61=33
Column_55=28
Column_76=23
Column_53=19
Column_36=17
Column_84=16
Column_30=15
Column_31=15
Column_40=15
Column_57=14
Column_64=13
Column_73=13
Column_89=12
Column_54=11
Column_86=10
Column_58=9
Column_51=8
Column_63=8
Column_95=8
Column_13=7
Column_32=7
Column_41=7
Column_69=7
Column_87=7
Column_12=6
Column_14=6
Column_15=6
Column_24=6
Column_34=6
Column_49=6
Column_65=6
Column_85=6
Column_90=6
Column_1=5
Column_18=5
Column_26=5
Column_60=5
Column_62=5
Column_68=5
Column_77=5
Column_81=5
Column_92=5
Column_6=4
Column_16=4
Column_19=4
Column_22=4
Column_47=4
Column_56=4
Column_66=4
Column_71=4
Column_72=4
Column_93=4
Column_97=4
Column_11=3
Column_37=3
Column_39=3
Column_52=3
Column_59=3
Column_67=3
Column_79=3
Column_82=3
Column_83=3
Column_0=2
Column_5=2
Column_20=2
Column_21=2
Column_27=2
Column_29=2
Column_42=2
Column_44=2
Column_45=2
Column_80=2
Column_91=2
Column_94=2
Column_4=1
Column_7=1
Column_8=1
Column_10=1
Column_23=1
Column_25=1
Column_28=1
Column_38=1
Column_48=1
Column_70=1
Column_78=1

parameters:
[boosting: gbdt]
[objective: binary]
[metric: auc,binary_logloss]
[tree_learner: serial]
[device_type: cpu]
[data_sample_strategy: bagging]
[data: ]
[valid: ]
[num_iterations: 300]
[learning_rate: 0.05]
[num_leaves: 15]
[num_threads: 14]
[seed: 42]
[deterministic: 0]
[force_col_wise: 0]
[force_row_wise: 0]
[histogram_pool_size: -1]
[max_depth: 4]
[min_data_in_leaf: 20]
[min_sum_hessian_in_leaf: 0.001]
[bagging_fraction: 0.8]
[pos_bagging_fraction: 1]
[neg_bagging_fraction: 1]
[bagging_freq: 1]
[bagging_seed: 400]
[bagging_by_query: 0]
[feature_fraction: 0.8]
[feature_fraction_bynode: 1]
[feature_fraction_seed: 30056]
[extra_trees: 0]
[extra_seed: 12879]
[early_stopping_round: 0]
[early_stopping_min_delta: 0]
[first_metric_only: 0]
[max_delta_step: 0]
[lambda_l1: 0]
[lambda_l2: 1]
[linear_lambda: 0]
[min_gain_to_split: 0]
[drop_rate: 0.1]
[max_drop: 50]
[skip_drop: 0.5]
[xgboost_dart_mode: 0]
[uniform_drop: 0]
[drop_seed: 17869]
[top_rate: 0.2]
[other_rate: 0.1]
[min_data_per_group: 100]
[max_cat_threshold: 32]
[cat_l2: 10]
[cat_smooth: 10]
[max_cat_to_onehot: 4]
[top_k: 20]
[monotone_constraints: ]
[monotone_constraints_method: basic]
[monotone_penalty: 0]
[feature_contri: ]
[forcedsplits_filename: ]
[refit_decay_rate: 0.9]
[cegb_tradeoff: 1]
[cegb_penalty_split: 0]
[cegb_penalty_feature_lazy: ]
[cegb_penalty_feature_coupled: ]
[path_smooth: 0]
[interaction_constraints: ]
[verbosity: -1]
[saved_feature_importance_type: 0]
[use_quantized_grad: 0]
[num_grad_quant_bins: 4]
[quant_train_renew_leaf: 0]
[stochastic_rounding: 1]
[linear_tree: 0]
[max_bin: 255]
[max_bin_by_feature: ]
[min_data_in_bin: 3]
[bin_construct_sample_cnt: 200000]
[data_random_seed: 175]
[is_enable_sparse: 1]
[enable_bundle: 1]
[use_missing: 1]
[zero_as_missing: 0]
[feature_pre_filter: 1]
[pre_partition: 0]
[two_round: 0]
[header: 0]
[label_column: ]
[weight_column: ]
[group_column: ]
[ignore_column: ]
[categorical_feature: ]
[forcedbins_filename: ]
[precise_float_parser: 0]
[parser_config_file: ]
[objective_seed: 16083]
[num_class: 1]
[is_unbalance: 0]
[scale_pos_weight: 1]
[sigmoid: 1]
[boost_from_average: 1]
[reg_sqrt: 0]
[alpha: 0.9]
[fair_c: 1]
[poisson_max_delta_step: 0.7]
[tweedie_variance_power: 1.5]
[lambdarank_truncation_level: 30]
[lambdarank_norm: 1]
[label_gain: ]
[lambdarank_position_bias_regularization: 0]
[eval_at: ]
[multi_error_top_k: 1]
[auc_mu_weights: ]
[num_machines: 1]
[local_listen_port: 12400]
[time_out: 120]
[machine_list_filename: ]
[machines: ]
[gpu_platform_id: -1]
[gpu_device_id: -1]
[gpu_device_id_list: ]
[gpu_use_dp: 0]
[num_gpu: 1]

end of parameters

pandas_categorical:null
